제어기 ==> 패널 PC로 회신 데이터

//시스템 설정 회신

02 00 14 20 02 05 dc 06 40 00 3c 01 2c 00 a0 00 0a 00 14 00 3c 00 3c 03 

//솔레노이드 ON/OFF타임 회신

02 00 de 30 02 00 07 00 0b 00 0f 00 13 00 17 00 1b 00 07 00 0b 00 0f 00 13 00 17 00 1b 00 07 00 0b 00 0f 00 13 00 17 00 1b 00 07 00 0b 00 0f 00 13 00 17 00 1b 00 07 00 0b 00 0f 00 13 00 17 00 1b 00 07 00 0b 00 0f 00 13 00 17 00 1b 00 07 00 0b 00 0f 00 13 00 17 00 1b 00 07 00 0b 00 0f 00 13 00 17 00 1b 00 32 00 32 00 32 00 32 00 32 00 32 00 32 00 32 00 32 00 32 00 32 00 32 00 32 00 32 00 32 00 32 00 32 00 32 00 32 00 32 00 32 00 32 00 32 00 32 00 32 00 32 00 32 00 32 00 32 00 32 00 32 00 32 00 32 00 32 00 32 00 32 00 32 00 32 00 32 00 32 00 32 00 32 00 32 00 32 00 32 00 32 00 32 00 32 00 13 00 1d 00 2f 00 38 00 45 00 4e 00 5f 00 68 00 14 00 14 00 0a 00 14 00 0a 00 14 03 

//등급별 상/하한값 회신

02 00 db 40 02 03 52 02 a7 02 57 02 07 01 df 01 a3 03 53 02 a8 02 58 02 08 01 e0 01 a4 01 40 01 41 00 00 00 00 00 00 00 00 00 00 00 00 00 00 00 00 00 00 00 00 00 06 06 06 06 06 06 06 06 00 00 00 00 00 00 00 00 00 00 00 00 00 00 00 00 04 00 04 01 04 02 04 03 04 04 04 05 01 00 01 01 01 02 01 03 01 04 01 05 06 00 06 01 06 02 06 03 06 04 06 05 02 00 02 01 02 02 02 03 02 04 02 05 05 00 05 01 05 02 05 03 05 04 05 05 03 00 03 01 03 02 03 03 03 04 03 05 07 00 07 01 07 02 07 03 07 04 07 05 00 00 00 01 00 02 00 03 00 04 00 05 01 02 04 08 10 20 01 02 04 08 10 20 01 02 04 08 10 20 01 02 04 08 10 20 01 02 04 08 10 20 01 02 04 08 10 20 01 02 04 08 10 20 01 02 04 08 10 20 03 

===============================================================================================

패널 PC ==> 제어기로 송신

//시스템 설정 송신

02 14 20 01 06 40 05 dc 00 3c 01 2c 00 46 00 0a 00 e1 00 3c 00 41 03 

//솔레노이드 ON/OFF타임 송신

02 dd 30 01 00 14 00 21 00 2e 00 3b 00 48 00 55 00 14 00 21 00 2e 00 3b 00 48 00 55 00 14 00 21 00 2e 00 3b 00 48 00 55 00 14 00 21 00 2e 00 3b 00 48 00 55 00 14 00 21 00 2e 00 3b 00 48 00 55 00 14 00 21 00 2e 00 3b 00 48 00 55 00 14 00 21 00 2e 00 3b 00 48 00 55 00 14 00 21 00 2e 00 3b 00 48 00 55 00 32 00 32 00 32 00 32 00 32 00 32 00 32 00 32 00 32 00 32 00 32 00 32 00 32 00 32 00 32 00 32 00 32 00 32 00 32 00 32 00 32 00 32 00 32 00 32 00 32 00 32 00 32 00 32 00 32 00 32 00 32 00 32 00 32 00 32 00 32 00 32 00 32 00 32 00 32 00 32 00 32 00 32 00 32 00 32 00 32 00 32 00 32 00 32 00 1d 00 26 00 33 00 3c 00 49 00 52 00 5f 00 68 00 0c 00 0e 00 0a 00 0a 00 0a 00 0a 03 

//등급별 상/하한값 회신

02 d9 40 01 03 52 02 a7 02 57 02 07 01 df 01 a3 03 52 02 a8 02 58 02 08 01 e0 01 a4 01 40 01 40 03 e7 03 e7 03 e7 03 e7 03 e7 03 e7 00 00 01 02 01 01 01 02 00 06 06 06 06 06 06 06 06 00 00 02 00 03 00 04 00 05 00 07 00 08 00 00 00 00 00 00 00 00 00 00 00 00 00 00 00 02 00 02 01 02 02 02 03 02 04 02 05 03 00 03 01 03 02 03 03 03 04 03 05 04 00 04 01 04 02 04 03 04 04 04 05 05 00 05 01 05 02 05 03 05 04 05 05 07 00 07 01 07 02 07 03 07 04 07 05 08 00 08 01 08 02 08 03 08 04 08 05 00 00 00 00 00 00 00 00 00 00 00 00 01 00 00 00 00 00 01 00 00 00 00 00 01 00 00 00 00 00 01 00 00 00 00 00 01 00 00 00 00 00 01 00 00 00 00 00 01 00 00 00 00 00 01 00 00 00 00 00 03 